-87.843283	34.44238135
-84.31929617	34.86412558
-94.20689787	43.20413984
-94.81058917	36.83587796
-75.80090451	41.82127676
-97.78493404	36.79651364
-101.6979407	40.52371008
-93.04127586	36.65473646
-119.7473502	39.15108405
-81.80953792	27.49319733
-92.02725586	35.53853919
-102.8298267	34.06860316
-109.8043936	37.62607487
-97.56825226	41.18687055
-76.45759104	40.36716938
-106.3065081	35.86926339
-97.85148899	34.48542286
-96.88123961	35.7027284
-91.13246684	41.77233777
-93.26256925	42.73270384
-98.73915959	37.6478469
-89.11732685	32.7532893
-93.40034649	37.61649452
-95.76328482	44.02216709
-92.56453089	39.83049768
-88.48885325	43.75354908
-86.15630295	36.39236244
-77.48515474	38.7478445
-102.0315682	31.86904128
-97.36618817	32.3788142
-98.94676915	30.31824095
-89.24316913	44.11328215
-113.7581706	35.70456821
-81.91185513	26.90579274
-100.4593928	39.78469039
-85.38857248	36.78661047
-97.60992207	44.02197882
-123.5552595	42.36551155
-124.1560919	42.45776177
-107.9992972	34.91240949
-83.59385271	44.68477825
-123.1126773	40.65059444
-86.85325062	34.45331009
-97.13966029	40.8724014
-99.26427063	36.42251383
-83.66630827	41.00178146
-74.43985937	42.90217659
-85.46543335	39.62002576
-91.47020839	38.94128519
-99.28576492	37.55841651
-88.51976883	34.61811436
-89.41050166	38.35241923
-65.88710242	18.33030521
-100.5556632	41.91358968
-90.02562128	37.3219182
-85.12848262	33.296853
-96.57266803	33.18822716
-101.3000364	33.61431553
-100.5295971	31.88933528
-85.71679611	36.71217333
-82.28452499	30.3309289
-98.21822331	39.7847206
-83.99005144	43.70716549
-79.74711644	35.00590629
-90.40672985	36.71638784
-95.75326093	43.67428858
-70.20524042	44.16543634
-76.35566972	37.1307115
-86.68040924	31.75252432
-81.17692946	35.92074753
-78.87606872	36.03605321
-98.90182925	47.71748723
-74.05833636	42.81832249
-93.72984216	44.37144158
-91.30516204	37.97649081
-89.95079634	34.3639856
-66.94265627	18.1724996
-66.49544792	18.05157356
-94.86032705	42.03617207
-92.7914653	42.40195716
-89.11764244	30.7900413
-98.56175096	43.7180875
-91.52194283	39.5275593
-100.2538401	33.17906744
-111.7705493	35.83875351
-108.2075581	40.61858161
-86.29001543	41.61670349
-91.20394825	34.67772323
-84.61945793	40.13381861
-88.57997736	34.88083218
-135.6386611	58.28575804
-83.18086561	29.98555842
-151.3897031	65.50922918
-79.40912354	36.58309677
-96.25062134	35.04854478
-99.47712748	46.45733694
-82.59842269	41.14651716
-83.76966912	40.13766698
-96.6539044	41.57781563
-96.26520163	40.39252282
-95.31015553	41.6850066
-93.73515113	42.73305373
-86.23847919	37.20904677
-84.60482908	43.29296993
-66.22191082	18.223828
-106.7988764	42.96194049
-99.3248686	39.35022485
-101.3031546	34.07227468
-101.4356444	32.30621324
-99.22629725	30.7177995
-77.29836489	38.8534472
-79.35459481	37.73052263
-65.81320794	18.34790658
-80.46503899	26.64741122
-87.35336964	40.34704622
-101.7842716	37.56304856
-164.0315808	64.91040617
-81.23712921	41.69689265
-78.40836693	36.36465914
-115.1333094	47.67490166
-88.64422567	30.86260363
-99.40436605	40.17656663
-151.5611779	60.2537748
-82.88008089	31.29704319
-77.55962422	36.67571583
-90.13189524	42.66021077
-81.45612561	39.7660752
-94.91640615	47.10785166
-86.80307723	38.7079435
-156.5692176	20.86402572
-94.64046046	42.38521079
-94.18176099	42.42794934
-101.3079758	37.56227336
-89.50664426	32.01792861
-89.43566372	38.88688243
-66.8582991	18.08109137
-93.02340823	37.68065861
-98.52795068	41.91485543
-84.42251355	42.24852059
-100.2558057	33.61643847
-97.65458625	33.215766
-79.44575305	37.78179822
-76.75989461	42.14122122
-102.3516289	34.06859623
-79.05960219	38.15909322
-87.72274477	30.72782468
-94.2279123	34.48595315
-120.4042917	35.38707354
-85.06053013	39.41429175
-84.36004407	38.69570469
-99.69538847	35.68852706
-97.24822334	46.93292237
-79.77527984	36.39621434
-104.3041733	32.47155056
-92.40209709	44.00380771
-122.0409443	40.76391106
-86.22810056	39.19645662
-91.91279069	36.09526565
-88.03335785	45.38289899
-97.52073009	41.57115154
-101.6959559	41.56896142
-105.8505392	34.64043207
-84.12710722	44.33486043
-91.54434433	40.98760854
-94.24234847	41.0277278
-94.93765473	47.97364569
-94.27237288	44.82372142
-66.5598922	18.37330319
-98.02280046	40.87318318
-92.78940097	43.0600053
-95.74323255	37.55937174
-91.28609183	44.726614
-102.5429428	31.86898877
-99.76049166	28.86623446
-67.08090202	18.37783653
-98.36606932	43.38705519
-102.4246098	40.00284508
-83.2291908	34.37559112
-101.3119048	37.19230822
-88.65114084	36.72303717
-77.21807609	39.87146641
-98.35163367	45.58993475
-88.48037059	33.8922846
-93.45602697	36.74710976
-93.94781493	43.67387282
-159.8255997	60.91342739
-95.15642896	41.03018714
-86.71887934	32.84771004
-99.97677845	41.91311716
-84.29037841	39.75442102
-83.4560853	39.56023827
-97.94153042	35.94535722
-86.49522904	38.5412136
-94.67824621	43.08193849
-95.3819718	42.03718237
-89.36775244	40.12467469
-84.84810751	43.9879198
-86.10174496	39.4899568
-95.83918761	44.41338502
-85.5781774	44.33841768
-88.70770995	43.41581374
-85.2624907	39.10311351
-85.17841116	39.63983379
-66.92632992	18.44045509
-97.31201625	30.10367452
-79.98671944	37.77830014
-78.48233004	38.03742163
-96.91986981	29.87663549
-95.21903806	33.17532732
-99.21540939	45.41847898
-113.981207	33.7291609
-116.6586207	47.21772961
-76.61440436	39.30522045
-77.89566563	41.74480517
-88.99308826	35.2067611
-85.05923475	41.91588904
-83.06330638	31.03799605
-93.73454884	43.08178477
-83.56057299	33.0254599
-76.47381763	42.45222263
-75.66993538	42.91279676
-91.83745828	42.47108244
-92.64083907	41.33521502
-95.73407587	38.23677253
-93.09934783	41.33445101
-90.2133034	40.93148779
-93.11159068	40.21033053
-93.62993103	45.9373852
-82.08128977	28.70520781
-92.40954728	41.03064984
-115.5662454	44.76650867
-89.25794407	31.18899065
-88.15377894	39.01061641
-98.62965972	44.06637798
-90.0416185	44.45535331
-101.3546643	35.84006574
-66.79209227	18.03985751
-99.34928454	30.06116361
-98.88279923	47.4571084
-97.77458843	32.22235362
-102.6029352	35.84008345
-102.8285179	33.60426094
-98.50873333	27.68142846
-96.93634455	31.25354356
-93.8027205	44.82089558
-97.14865776	43.3109081
-88.68047663	34.28973933
-99.44982378	42.42142393
-77.53622483	36.69543863
-87.24192118	40.12120145
-65.81103116	18.14521821
-102.5181759	48.79096757
-101.893964	35.40133773
-86.26180055	41.3248735
-86.06179619	35.80842943
-85.41741162	41.39835527
-102.2617081	34.53004051
-80.10243931	34.97378348
-92.8690667	41.02988815
-120.651296	38.44638702
-113.9335998	44.9436279
-95.62474725	43.0836202
-116.7604309	44.00714137
-88.96174804	39.85999062
-89.92459485	39.26136043
-77.9189122	35.70531169
-89.34481931	41.03327407
-94.69932645	41.02903567
-79.6682145	39.46929522
-92.06463573	42.08011739
-88.61425832	35.42206909
-104.4755961	43.05616954
-79.87418576	36.68267428
-88.23041319	43.36887792
-108.2504732	47.11768458
-96.258643	44.02300689
-77.15723124	38.27358126
-90.53150846	47.90304185
-78.64916765	41.42548728
-93.22627088	44.02240351
-94.89728962	46.07014445
-93.8503345	37.431814
-79.23591856	41.51230258
-84.19904346	36.11862903
-115.4691486	43.35417471
-99.88814767	37.69182131
-101.3203923	38.00024973
-84.02657025	33.65414105
-103.1354423	42.72007965
-122.5849114	44.90322354
-102.6021107	36.27789187
-85.79146519	39.52312646
-75.98893638	41.17686973
-93.54864835	39.78202789
-91.92492582	38.16167922
-93.58720505	44.0220714
-85.45918107	33.29354361
-84.61141537	44.33547916
-73.8615688	40.85091824
-101.0616334	40.52447865
-97.60078361	41.9166434
-98.50488391	46.11017237
-93.83291444	37.10627971
-85.30834519	42.59513984
-88.04209555	42.57659172
-92.88597122	38.42350791
-84.84664923	43.64060976
-90.63270647	35.8310138
-132.9333517	57.11988808
-132.0310434	56.32537949
-97.19394708	41.9169835
-104.8156292	35.48004639
-76.51238042	41.44598276
-87.55660994	45.58036988
-82.42287375	40.39902351
-82.48290477	40.09170112
-97.65742504	46.45621782
-98.06703102	41.7067951
-99.66092922	47.58750012
-102.3353283	41.61911486
-100.6813647	34.53073368
-98.11083887	31.70470573
-99.78013842	46.98013909
-93.2612239	43.08177563
-87.86831993	37.14556161
-97.72949102	44.8584651
-96.66802862	44.76015949
-97.75456287	43.33466314
-97.12926365	44.02193107
-78.71388554	40.49518786
-99.21352901	33.61640794
-103.5274481	43.23917478
-97.78704306	43.67458361
-81.9661657	33.77224819
-96.7914546	43.67413367
-118.5603559	46.98352425
-76.4051503	41.04903639
-93.32051495	37.94153217
-89.73474025	45.33724242
-78.55661903	38.02273165
-98.06660249	42.17696571
-87.95138777	43.38375913
-93.82898627	36.70980207
-89.50154548	44.47561378
-98.21866528	27.03154713
-91.89653391	44.94674851
-87.94566398	43.72108736
-79.8058818	35.71023333
-101.7637347	38.91690628
-94.84924767	37.85500237
-98.55874953	31.94854859
-102.5151699	31.4287137
-84.60138451	42.9439517
-88.22141023	39.52086003
-94.50111014	41.68378965
-88.76979995	41.8933691
-88.21756136	39.7695478
-97.09712874	38.35899873
-83.71573518	37.59456493
-97.35694033	29.08147376
-85.53044157	42.24536002
-88.32927113	36.88327592
-85.54918115	43.03204611
-83.91291351	38.03256472
-85.32464875	43.64070731
-85.15230226	43.31058414
-84.01542795	38.33536589
-93.3488462	43.67383179
-85.32556471	43.98998373
-88.58969703	39.05935691
-88.22313426	40.59686492
-88.05369238	38.41619684
-87.68319621	37.51850288
-101.8204789	33.61008596
-99.00647121	35.98768882
-96.47280759	32.04696933
-95.62389402	42.73538914
-92.31795937	42.77461496
-94.52871063	45.12332877
-102.3431676	33.60771256
-95.61735986	36.79844119
-84.10584177	40.77151716
-93.29470209	45.56125565
-100.5384877	30.89734895
-94.61413846	43.97823903
-98.83631615	32.73553157
-73.63186276	42.25016297
-74.41108832	40.43949114
-95.44454861	45.58611957
-100.779722	34.07408766
-93.10705251	39.870461
-116.1783784	34.84157876
-82.92233434	32.46355824
-83.16678441	33.57887215
-90.74840472	35.02180511
-89.52161421	45.70521979
-91.14489019	45.87995292
-144.5019516	61.54964404
-98.14543668	43.67475843
-92.46951183	47.60334656
-82.80043459	29.72600841
-81.19736816	41.16790847
-93.98514508	39.96169076
-93.56516333	40.1140924
-98.99881071	31.77417703
-98.03105783	30.05810528
-100.982439	31.30375559
-98.2416756	31.19624807
-119.7406032	48.54862984
-83.22027638	31.75972075
-83.52652261	31.45751029
-82.7064204	30.91504263
-77.39716266	37.26480119
-79.78852575	36.07964464
-93.98990821	39.35287295
-80.91646065	36.66735897
-77.2969381	37.29122918
-77.44401094	38.7704423
-97.46083703	37.68448116
-121.2387503	36.21711865
-92.30867416	42.47009403
-101.7318625	39.78580547
-81.80959835	27.18691656
-90.20121837	39.71580417
-107.9036205	39.59941978
-98.17283469	33.23377248
-92.4694931	37.27078998
-80.47111892	27.377528
-95.29765463	37.19127872
-94.80256963	36.4089821
-85.69260703	32.38585029
-106.3427076	40.66623861
-85.83932953	31.09486905
-83.32769512	32.43444176
-94.83822279	38.56363954
-90.67775541	40.45674722
-99.0992434	28.34445432
-81.44364706	32.0140721
-101.148475	38.91735806
-88.91900564	38.64962591
-98.567849	28.35261097
-81.94452332	39.96581387
-102.3573987	40.59394842
-101.0553705	39.35107575
-97.80496943	32.77760907
-108.2172628	39.97993245
-106.3829289	37.58223621
-84.13168547	41.02216769
-89.79757636	41.09327074
-82.53676639	40.77482478
-100.813175	35.83809685
-99.97616148	31.8314342
-86.42358976	36.9932296
-101.8933684	36.27765456
-81.88687929	32.1569194
-92.1785067	41.33649833
-88.93009646	37.73040742
-80.48723143	26.15220703
-84.13960587	33.07619286
-82.91997484	40.85061678
-83.20833143	34.12798628
-82.47907934	39.49712923
-83.80825529	39.41489655
-81.91980212	40.30215268
-101.3574874	34.96507426
-83.00450275	40.27841348
-98.3999852	30.26640707
-82.62648895	36.9310873
-76.70721344	37.26927809
-92.49898814	36.93253661
-101.9513518	32.30600051
-90.77398853	37.5553541
-103.5798367	31.8491553
-101.4316509	32.74363984
-98.47164344	34.6620099
-103.7838298	38.32685938
-91.39993659	37.15713986
-101.0500746	31.82781912
-102.0428877	31.36864453
-103.048449	31.85000039
-99.87871324	32.7400927
-99.88996827	32.30175703
-105.1619203	38.88227296
-100.9212058	32.30623474
-99.37326312	32.29760619
-97.44308101	35.91913897
-94.65863245	35.88406262
-74.96255405	43.41936241
-95.83674215	32.56379892
-97.4075036	35.55141319
-95.85377795	32.21224151
-75.8198592	42.16037158
-96.03794859	34.37367259
-95.57247928	30.73883544
-96.29798747	34.58840127
-95.98558082	30.5437066
-95.37595261	34.41635817
-87.78920946	32.24794915
-88.09715315	33.77909349
-91.76814114	33.19120398
-94.40452876	39.89285656
-80.55838396	37.12313924
-81.65416089	37.378572
-98.94803186	40.50675437
-80.37983086	39.28363307
-94.40468366	39.60124265
-80.71925498	38.70024736
-66.12607813	18.25129795
-66.86018176	18.41919751
-66.51671207	18.29014773
-89.55267845	31.6331285
-72.641331	44.60594136
-88.64097868	32.75459457
-88.54158045	42.66848551
-118.4047657	40.43952288
-118.4346446	38.53880917
-66.21551546	18.4313626
-65.9995301	18.33693881
-83.86741596	38.93410315
-92.67716012	46.592321
-81.85783045	29.98317912
-89.92031051	33.44884455
-101.541865	48.22179884
-159.724644	67.05555844
-103.4602876	46.4473194
-98.71763136	38.03102509
-120.210458	45.37780558
-84.38860114	43.99062122
-100.6362783	48.23439818
-91.95043301	40.75308722
-98.20749	39.04547506
-83.69682554	32.80691473
-83.38594391	42.66090645
-94.90581859	41.6844628
-86.5635188	40.58306044
-84.12938765	44.68170135
-89.41493045	35.19709994
-98.76247878	38.91467637
-67.03910309	18.11192588
-83.22153148	43.09052506
-76.30244008	36.67787032
-66.26454838	18.13045854
-170.7703365	-14.3247379
-85.22119115	40.72931843
-95.79433878	39.41641542
-143.2069204	63.87695823
-92.53266945	42.07991767
-122.2338547	40.12559985
-86.04523681	40.76954805
-119.9551317	38.02748982
-86.84503425	39.66633516
-110.9558542	40.86838131
-89.32021067	42.04257451
-120.7682923	39.30150048
-97.16512523	39.34944765
-89.39896563	43.81971333
-88.76489325	44.78886999
-115.4671964	45.84388002
-116.4267621	46.2366682
-100.4660754	38.48119447
-99.84096449	48.77247566
-97.65020313	39.13237408
-91.06263132	29.90081675
-75.44886742	43.78465035
-76.20583468	36.38675278
-87.72698819	38.72048612
-100.3655617	37.23826363
-80.34928676	40.68241496
-114.120145	46.08166896
-96.23706382	40.13139323
-97.14261379	40.17580816
-83.24970322	33.06940962
-130.9369511	55.58672276
-102.8279472	33.1730387
-98.97588642	41.22045983
-97.086359	41.57404386
-75.70851105	40.91846484
-84.20440063	40.33212183
-96.37089402	35.90233119
-86.05184193	40.07229856
-94.20722537	42.7764426
-96.64983521	38.68742242
-99.87284448	38.91467218
-93.93139995	42.0366177
-90.10693379	31.54996744
-89.4790156	39.23097041
-92.14789043	40.12754125
-85.86064998	41.24435723
-67.12171471	18.28872155
-86.41252941	41.95468812
-85.07413319	42.94502238
-100.8140093	34.96517499
-97.36854569	43.67426214
-98.12498408	28.35137771
-88.83867386	35.60806385
-82.63064275	39.75164711
-100.3455585	47.5754264
-83.78354054	39.91660044
-110.8466869	31.52598116
-84.14092773	31.77942972
-100.850601	37.19327656
-93.88236667	32.5802177
-68.35862848	44.64373173
-75.83180727	38.87198968
-84.49071987	41.3239854
-104.417515	46.3343054
-95.15400031	43.67418723
-89.53789439	32.4067041
-105.788359	37.57261807
-86.59219666	30.69101554
-81.23634611	28.71682625
-85.50458952	34.85458429
-90.80453378	31.17425244
-88.68928948	32.04139674
-99.14535601	45.07082625
-84.23475065	30.87476853
-67.23189285	18.33498528
-95.70748857	46.4090783
-88.36140611	34.27995113
-88.23082016	37.76253711
-86.87901935	36.8597188
-71.28385194	41.71169465
-84.59305475	41.88768696
-104.5257538	38.83242336
-87.73924331	33.72117266
-80.85840283	37.65596695
-97.60122773	42.26434853
-92.20749866	37.82458658
-81.88780787	40.82926705
-84.38804837	43.64674881
-91.59809485	42.07923082
-115.730321	43.98909247
-95.45422901	45.93372693
-88.9239703	37.99202257
-91.96523434	37.3167567
-93.98309623	39.65668445
-90.61820195	43.94576215
-89.41786325	43.06746565
-89.1487146	36.35824874
-85.21085788	33.79399282
-97.476759	37.2369258
-92.99565971	32.82277025
-111.0252038	48.56122467
-88.56962273	33.1101406
-88.66247435	32.40429857
-84.46567239	34.46423209
-102.6052738	34.96515022
-77.06984318	40.76993359
-97.23050054	36.3884853
-96.15280427	38.45580918
-88.42879892	41.59088826
-84.83740035	42.59599185
-88.90408529	40.17434051
-92.6007527	40.19054871
-94.92806328	41.33152905
-89.03719509	34.22521097
-99.76229172	29.35739637
-79.86345947	36.68207476
-98.37502407	35.17437642
-93.2965986	44.35432778
-95.68142474	45.28288933
-85.80209274	43.99041242
-91.79131495	45.89909725
-85.06652248	41.0912565
-98.50117804	40.5244942
-168.1521132	-14.54212416
-101.3471509	38.48178252
-88.46565023	44.41578887
-100.5382117	30.4985468
-99.75646833	28.42276169
-96.79470819	32.34880007
-101.7349174	34.53028891
-75.61144344	42.49352629
-102.4607133	46.43276791
-83.60078719	39.18468334
-83.91853341	30.86359281
-87.31082597	40.60631635
-99.34669372	39.78462799
-85.54389048	46.4704998
-96.67091097	44.02224521
-76.60802425	36.14854015
-84.58816167	41.56027968
-95.90449238	36.71527849
-80.23912302	36.40186627
-91.88649829	36.77371722
-71.82064764	43.94073661
-86.26734566	43.64097781
-105.5221395	39.85721134
-92.51610324	35.58054667
-120.6188281	47.86921949
-80.61888538	40.09682683
-97.59710186	40.87272618
-99.07510068	40.85504881
-83.14419942	41.35730372
-99.0014123	35.63856198
-85.71947571	40.16126825
-95.30682401	37.5582728
-99.89821264	38.08784693
-89.70745642	34.02831011
-89.03430894	33.0883872
-92.07658198	39.7979959
-84.87704049	38.23894371
-66.25362073	18.28716348
-101.6502998	40.85082266
-86.475326	40.30214562
-94.03970701	41.68489264
-94.34823345	36.6286562
-98.27883711	44.41467039
-98.34623659	44.93824835
-89.04505121	43.80037233
-80.05325441	37.28655753
-77.48619454	38.29892214
-98.23703207	47.4570984
-85.35522451	32.60106116
-110.8119677	33.79996932
-120.717846	39.06347097
-120.5247066	38.77888901
-156.1888735	58.63664843
-153.7750279	57.66653702
-90.66282507	35.57408383
-84.76851394	33.7021135
-135.3374592	59.55833766
-87.37341176	34.14959585
-100.2699514	35.40114335
-78.2853416	36.08251637
-83.37130174	40.29926661
-98.53552136	46.45686514
-84.16728624	39.42735056
-83.65939867	40.66129428
-83.819838	34.31734176
-86.1167092	40.48362355
-98.75632156	38.478934
-90.89833873	31.47675129
-89.52841534	41.40406966
-92.86236786	44.02229546
-90.80515334	44.31927005
-85.00508394	42.24636617
-99.91547333	38.47974157
-171.0781094	-11.05493121
-96.83878537	37.78134351
-99.48692012	44.54709825
-99.20485567	44.07640555
-101.3542669	35.40365929
-88.93264081	35.99666265
-101.5207776	31.86942909
-100.2732972	36.27778375
-101.8971322	34.96585996
-97.60737593	45.36728275
-88.08923504	33.28058298
-87.97829555	41.44485087
-94.67861391	43.37782281
-93.32744042	40.73965649
-68.5987449	46.65913528
-99.24564463	48.68566015
-100.8333086	48.792102
-82.17008141	35.27959223
-94.55099667	43.67430059
-118.1118195	41.4063802
-84.75379101	31.7621807
-82.56783271	32.40331611
-85.71572943	32.10045868
-102.6027421	35.40425708
-81.22393811	35.48589556
-99.97174953	48.24958064
-74.42194258	43.11377432
-98.52144222	41.56747021
-86.89407624	40.38871167
-86.48322849	38.84095382
-90.8786674	37.96173417
-94.01554631	41.33081904
-95.8091992	47.32558784
-90.47455118	39.64403604
-90.45417438	31.53240135
-89.61664559	33.49402718
-71.736327	44.7283185
-87.80948518	44.11990639
-100.2700105	34.96489439
-81.36571811	40.8138382
-94.9700148	46.5856535
-93.85592541	37.72350148
-92.79015971	42.73172833
-95.28621552	38.56442768
-89.11871108	32.40013897
-90.61478203	40.84888704
-84.61024859	44.68323123
-86.8655579	40.74977914
-89.02441763	39.0000587
-95.00576302	45.15252304
-85.39732772	40.22787247
-92.87591692	37.28085752
-97.59646937	40.52458567
-95.74071995	37.88668091
-94.39658081	42.03614551
-86.26356168	41.04713247
-98.20053402	38.34721983
-95.29324204	38.21396508
-99.00538393	44.54798838
-88.77532763	43.02053192
-77.17519332	38.88441803
-76.8749143	42.39369114
-97.18860384	44.97790512
-66.39731281	18.42873078
-99.84735699	43.89597621
-89.168969	31.62257767
-78.65301	36.30365992
-77.3926205	37.20404153
-81.8998621	41.11770589
-101.07618	39.78524494
-111.2078712	43.7599238
-98.08586348	37.95303921
-96.20480435	38.95324678
-89.12738626	37.22269456
-120.6892687	45.4052255
-82.89413878	30.70991003
-78.49051194	40.00670558
-95.15100162	42.73545875
-93.70672502	42.38395377
-82.23618289	39.73723959
-88.24032182	39.27402319
-87.7878617	39.33402321
-95.15010031	40.73917437
-89.31491201	46.66430808
-95.25098995	34.87639948
-102.6376348	32.30470528
-83.2217117	36.52355034
-107.7498996	32.18233304
-98.95299529	40.17637323
-82.4818329	33.48313346
-163.3844205	62.15704475
-133.0585096	55.81638031
-121.0752215	36.60559815
-86.13826325	39.78163624
-83.76727919	31.92287244
-76.25967731	36.89479704
-78.27765024	37.84216441
-100.2077744	34.52929885
-122.5341835	44.48880768
-79.39913194	36.04378576
-104.4120813	34.34266
-83.02450193	39.64185964
-96.00022786	45.58615985
-96.09561104	47.87197525
-92.31766909	43.06009652
-92.66473671	32.60149394
-88.94784369	33.92084863
-93.80588795	38.74399152
-96.01216405	45.93402352
-65.72588384	18.34258508
-88.9925273	31.17209382
145.7509098	15.18953726
-89.52402041	32.7536828
-100.7788855	33.61616822
-97.79936155	31.39078397
-101.8268114	34.07044901
-102.3354521	33.17402785
-102.5178111	36.74826632
-84.58018842	41.11674251
-102.6036365	38.82780723
-89.92848248	38.4703223
-99.90284946	39.78448106
-67.62910779	45.02177186
-86.19985664	46.19666734
-82.63799692	41.37421463
-84.62929783	40.54030771
-96.68776297	40.78416865
-103.7084612	41.85095717
-71.71602867	42.9153307
-112.899016	45.13261641
-119.6506833	36.75807672
-81.34078347	27.3428855
-109.5885953	44.52053528
-99.82222259	29.8324893
-81.49463778	31.82777126
-85.01684071	31.86629277
-103.0720227	37.95492416
-101.8162849	33.17657705
-101.2984114	33.17969345
-78.01298345	38.24635826
-80.70721363	39.26936104
-66.16028438	18.17423695
-103.3762965	47.02366884
-153.4702536	69.31507516
-65.75412933	18.23111172
-99.31751551	38.91458712
-86.46866856	40.05117643
-96.52279918	39.78357355
-91.84833604	45.42372695
-93.28827876	38.2951634
-84.73106803	31.16479534
-89.11866575	32.01901366
-85.0114051	40.15748383
-91.07489027	38.4111314
-97.11926964	42.20934475
-135.3151746	57.23393263
-100.482244	41.56652317
-66.32896683	18.3041008
-75.11135485	39.37323951
-86.89342256	40.04037231
-94.73282508	33.11284956
-84.02400746	33.9614268
-100.8710456	37.56200432
-106.9928862	47.27767106
-95.56432257	33.14945662
-87.87327174	36.80638303
-86.24789409	32.9362956
-88.64477096	44.06886922
-98.72015658	48.2690641
-114.2816427	44.24147306
-98.32176345	36.73091839
-89.18844118	34.8172204
-79.91342345	40.91176277
-89.75863384	44.89792533
-101.6641253	43.19506714
-73.86394518	43.10743063
-95.72707998	38.65235984
-99.10804207	28.86751206
-89.94520436	34.65069529
-88.70957298	45.00428348
-88.59111102	40.01024723
-103.0860173	42.22084585
-93.34188307	37.25758647
-92.0636004	30.20738593
-71.30563958	44.68948989
-93.15048723	34.57659951
-88.1845967	35.19856007
-104.9661319	42.13239072
-88.00373142	42.32318039
-77.64152691	35.23892735
-66.86725626	18.26903434
-84.87620281	32.51001825
-75.59214444	40.61280627
-83.83879891	42.25344402
-91.36741055	42.4713865
-66.33676656	18.41003729
-101.6577138	48.71910481
-84.22665212	33.77122192
-93.46499005	42.03621213
-85.89789136	39.20574386
-85.24094152	31.51487991
-91.1070497	36.04103952
-90.91101939	30.20335229
-77.26234107	36.92136549
-101.3545796	36.27743284
-95.23132466	36.30176119
-98.432652	35.87536168
-114.0497122	48.29520088
-100.0313401	45.42998641
-98.07579639	37.1917471
-103.0105871	41.7164533
-96.75251853	39.00227253
-78.17299993	39.17278399
-94.85185156	37.50702733
-101.0419762	40.17616691
-81.17872133	41.49972479
-84.59972828	45.02079452
-92.06369553	41.68621637
-98.68754589	33.61569967
-79.23678619	35.01716668
-90.35781296	29.90559494
-100.3936643	40.53024724
-99.11033508	29.35546127
-91.58679259	41.67150873
-86.69890683	41.04166107
-94.24367465	40.7351498
-86.00775763	36.53211833
-96.25305709	43.67485346
-112.3114205	43.82027224
-78.56888029	41.80786813
-84.06830637	41.3339642
-98.07170952	46.93593125
-100.8129222	35.40081878
-97.72479507	47.45618207
-103.7921498	44.35866653
-80.25465278	34.16360573
-95.15096481	43.08247182
-96.24370891	37.45338324
-95.18136404	44.00720878
-85.80070154	43.5544124
-96.40769484	32.89785884
-95.96434123	35.64662667
-121.1678419	45.16003768
-96.03627453	48.0666771
-92.32457583	29.84621938
-91.45664676	32.78885847
-83.53769332	41.92832154
-97.16001089	28.32554745
-121.6512892	45.51931999
-78.99657939	33.92139357
-76.65336214	34.8275267
-81.35758839	32.98833364
-84.06424533	35.13376757
-86.01505847	44.63910932
-94.35504883	38.64793026
-96.11218009	41.11287068
-93.99193402	40.35497608
-73.74303603	41.76513375
-84.86736714	33.92082846
-84.12468922	34.2256545
-103.4124539	32.79215735
-100.7780898	33.18104889
-96.24531969	37.14997344
-91.71972855	33.58957425
-88.8794268	33.42493738
-66.05744329	17.9984593
-98.99166621	35.29031759
-84.0526996	43.33526107
-119.8151995	36.07520008
-98.20900663	39.39334518
-96.40222842	47.77395991
-93.09987304	45.01747232
-91.28017125	45.06921882
-85.0904614	44.68488514
-90.40396978	31.17495895
-67.00476317	18.44963632
-84.64804448	39.74220535
-98.98208511	41.56723462
-82.37209886	30.04340869
-97.14080062	40.52415215
-96.08560239	33.12356693
-109.5076481	40.88725861
-98.13639393	37.55911415
-100.4019302	32.74281316
-76.01693959	41.51833347
-95.51355387	42.38696136
-110.1111845	48.62840165
-100.2703577	35.83764858
-84.22868895	40.05414393
-90.47255556	37.81055607
-120.5162324	39.58019892
-97.63059676	46.1078458
-98.05126296	40.52439441
-100.4829436	38.91587321
-101.9477242	32.74255572
-120.0150919	34.67142103
-80.00762338	38.33190977
-102.5601186	37.31923997
-73.38919037	41.26973285
-84.78680953	32.34694534
-85.42669106	41.64234778
-87.2717425	38.09237205
-85.70765032	38.47743705
-90.62318822	41.63706131
-85.12373313	38.66814643
-84.53313887	38.93368118
-88.36559186	46.66237725
-103.7588138	42.48797315
-81.08105939	38.02876546
-87.77571312	36.04110957
-97.83219383	32.43002712
-89.13938582	35.81376271
-86.07559709	35.49021487
-80.4218655	38.49472856
-88.30116646	36.33178059
-97.88360671	35.01633237
-123.0985728	45.55989124
-78.10671227	36.39674307
-87.16176056	31.12613571
-94.06315729	34.86103868
-90.30924635	35.20762172
-81.40719089	31.49489855
-87.41401466	39.08909886
-92.31710205	43.35677003
-91.25958262	41.21843405
-90.57403934	42.17178419
-84.72794553	38.96984373
-90.86454347	29.40922061
-82.51414497	37.80090718
-93.3436646	30.64776149
-106.344854	39.20226223
-85.19679907	30.40604523
-104.92921	39.32970828
-83.74657149	34.64590613
-110.656067	42.26409375
-77.48028729	38.70276099
-113.0821456	41.52095018
-113.1311648	40.44875267
-78.86964365	35.368729
-97.99248173	41.3972847
-99.92949608	42.43016331
-79.36252998	34.08038363
-101.6397779	46.35813751
-109.394534	45.66951507
-105.5718948	46.25264388
-106.8090108	34.71536166
-77.10558958	42.63362823
-82.05794341	32.04578293
-92.59043082	37.65865829
-83.8509648	31.55124636
-95.30115478	37.88555459
-90.61538755	40.15816304
-83.68320054	37.41974744
-97.42729333	38.04321442
-86.83782352	39.31262962
-93.24708307	45.27314304
-93.18847844	36.96906632
-98.68457457	37.22893536
-87.10649231	32.32606741
-92.44123483	45.4615393
-80.40502258	33.07948049
-112.2407056	47.83722455
-71.4226598	43.51832231
-119.0074917	44.4907455
-77.29986178	42.85304122
-101.6614388	41.19906619
-84.47621286	34.24473392
-82.63685771	31.8053696
-84.4589719	38.04287124
-85.55273508	37.26369627
-89.48471446	34.35673647
-85.17499676	37.75352228
-84.62407384	38.64914531
-82.84967311	31.54918005
-85.77325696	39.82296118
-93.9984359	45.69827623
-66.79574437	18.40992471
-111.5763852	39.37372605
-91.67348178	32.13329548
-94.80140498	39.98335111
-93.24040527	42.38393029
-86.52334305	39.16100464
-70.75611419	44.49924446
-71.11419448	41.79709525
-95.39302715	29.85748873
-97.1438723	36.81795089
-103.8465777	46.94026181
-111.6959501	48.65534485
-98.76608585	42.89966872
-78.23141929	43.25158537
-77.3834881	42.26788874
-91.35355624	31.48172857
-74.70164497	40.28339139
-84.28381621	33.26065533
-134.1764399	58.45091866
-93.65621	34.16356461
-90.93068567	43.23966087
-105.3871487	31.4564022
-80.66340417	39.86038842
-80.57390126	40.52189394
-84.3791722	38.94658952
-91.34006167	32.00026867
-69.14427892	44.50136648
-97.59865421	45.75863325
-103.4871163	48.81486205
-96.65571268	42.83182818
-76.72634152	39.92001283
-89.89620223	35.18412715
-80.76113054	40.38470042
-82.70612535	35.85793329
-88.90883067	34.76830318
-101.6878043	40.17625316
-77.42736897	34.72975141
-104.6468731	36.60619925
-92.72266089	44.40972913
-91.77934467	43.98683746
-116.47176	38.04212846
-90.44251629	32.26628404
-97.65034285	39.8279368
-98.08694449	29.17420221
-81.11738243	38.84382602
-89.07193609	45.26219987
-89.94819801	43.42667177
-85.72237029	35.3884299
-78.88692463	37.7874546
-94.82986499	30.79270853
-120.3873864	42.79350818
-79.19044951	37.40023149
-85.62005473	30.26520819
-88.20659057	30.77909854
-118.224703	34.32134579
-105.4278551	37.27823118
-120.5947447	40.6733613
-85.21596518	30.79547704
-83.73739141	34.91666684
-88.26305322	32.02019311
-99.8196146	37.23547247
-95.14683558	39.78796644
-87.1426872	37.21592449
-67.12067807	18.46028414
-87.74546531	39.67865165
-83.82790492	32.56840679
-65.89622001	18.07018602
-90.86381088	36.65269053
-156.9493744	21.17295672
-89.33408259	43.4669904
-107.1925539	33.13025321
-84.86612061	37.62427782
-87.03541784	35.20194268
-99.8204794	30.88990665
-87.71768095	36.28616631
-111.4425093	37.85511631
-94.61100866	31.25457834
-97.42628751	28.65724851
-80.36184172	36.93162812
-96.40341594	30.21441875
-95.79355891	32.87032705
-113.9058099	32.76933672
-91.81767336	36.3818346
-81.34769003	26.11069361
-78.73230753	42.76409998
-92.1472444	40.45201091
-95.86888348	44.71626059
-84.15307775	33.45278905
-81.16511547	26.55374425
-85.50090226	39.30715055
-105.6447627	39.68922182
-82.1590697	36.61826378
-107.9948912	44.52636084
-78.25701555	39.5606152
-112.7847328	39.70284831
-87.31085381	34.52223687
-102.7844494	34.52993922
-76.46151665	37.73239182
-98.50212614	40.87261328
-82.0451808	39.3340326
-83.76526991	40.3883971
-83.0569591	39.33753008
-109.939664	45.813756
-78.2237766	42.70226414
-96.94828061	35.20684527
-77.06520269	41.34394419
-93.28474912	38.72825898
-85.48831237	40.82907594
-159.5957496	22.03978487
-105.7952945	47.64515532
-89.82311087	31.56973198
-85.11897835	38.44849046
-90.75018804	39.96180493
-88.08563421	41.85173736
-85.93377067	36.96546022
-79.74123354	38.05836054
-85.82574705	33.77141549
-86.16587666	33.37992421
-75.87764606	37.34305358
-80.21253309	35.79311799
-120.0273912	44.72584844
-79.10352623	34.64028878
-76.70893391	40.85142483
-104.944561	36.00972846
-97.3267069	35.20346872
-79.75792032	41.40101962
-85.39654344	39.93112507
-85.74696726	38.68627244
-99.23682021	38.18106307
-82.31571914	27.47189899
-84.58031888	37.87235886
-90.24761202	39.97376092
-87.36273986	30.66830369
-66.38861781	17.99547652
-86.87970258	38.36427783
-84.96502468	38.94996711
-90.52684783	33.12856998
-88.41891328	41.2856038
145.6261608	15.00074124
-97.4913945	44.36956169
-88.96532599	44.47070734
-87.47317001	35.80374486
-87.35658415	36.14932156
-111.9241028	40.66728813
-81.07803317	36.91686677
-81.9351906	37.8319353
-98.59562176	31.49516229
-84.40005301	30.16603091
-84.74799528	34.78861644
-89.16084223	42.33630888
-88.82348512	42.32294195
-87.41778158	38.68954718
-96.2102221	43.38111289
-84.48377645	36.73699245
-85.96366674	37.69820941
-88.19904039	32.59104949
-110.2449123	52.79430361
-96.76789112	45.17218979
-80.98861998	40.01576203
-76.85887749	35.49296573
-83.42232408	35.15057533
-105.6300238	45.39499878
-114.8771351	37.64342469
-78.67903202	42.24856064
-71.12556353	42.98749699
-77.69595887	43.14694904
-75.14071747	39.71694144
-106.6953848	39.62801893
-103.5137335	38.98742236
-90.77181286	35.29547453
-84.62376804	31.52887387
-86.65002353	32.1550404
-89.00393228	34.49025133
-84.99140593	38.00378449
-81.52827161	38.33643035
-66.2462674	18.36223592
-91.92616939	38.83570509
-91.13139641	42.12118609
-111.4821032	44.22898675
-99.31204845	37.88763961
-96.77788947	32.76665041
-115.3657218	33.03935669
-119.8206263	38.59721624
-77.01629654	38.90478149
-82.74249558	29.31952768
-80.38227873	33.91600797
-77.99656139	39.11236047
-71.23906841	41.55667416
-117.9078252	46.29796069
-110.9033351	38.32442333
-118.8984754	46.5350455
-89.69437271	46.40885281
-91.37520643	34.29076839
-105.3574574	40.09241482
-80.85664593	38.92492424
-75.34910669	39.58787069
-84.04282299	32.35871148
-84.53322383	32.69944401
-83.79901736	32.15728777
-86.03476854	34.04518886
-149.1118883	61.15068906
-91.18842478	39.98808185
-95.71768995	40.12499676
-94.67862564	42.73420133
-89.29939757	41.74622905
-66.13939837	18.44436903
-101.6282752	43.69419796
-99.08125406	43.71816719
-97.61976797	29.83714515
-88.06869913	36.06961024
-117.5446476	46.43130985
-96.45566228	47.32618622
-73.03669897	43.57983752
-94.94679511	44.72672673
-111.34488	32.90415087
-121.2712102	37.9345275
-121.7209525	48.82595321
-76.41950915	37.8876167
-87.29727889	33.80316281
-86.14884036	32.59724126
-79.17158398	35.47515626
-80.21662078	33.66542745
-102.6182871	47.35663619
-118.0093556	45.31039084
-77.9861842	35.96771851
-76.93848875	36.68306879
-94.37649281	30.77118478
-78.24455011	37.51182231
-98.52716292	28.89331115
-98.83243566	32.32743996
-78.66167401	37.0117581
-85.07476517	36.55818853
-95.20866115	36.76178038
-121.176431	44.62935891
-92.96305582	39.51548794
-118.4785331	46.22968278
-76.34148682	37.43639888
-92.42809571	38.21438575
-76.56869484	37.62970349
-118.9679625	43.06361843
-79.13408568	38.16483645
-78.0274399	39.46408048
-87.31112969	44.95030522
-83.62311366	41.36160162
-78.37163083	34.99203592
-95.67483556	46.93523736
-87.07197336	38.70229994
-91.84163742	39.21595536
-69.76757384	44.40901704
-89.24846009	33.34764715
-84.66076388	37.45485594
-85.09471001	44.33770935
-83.42085187	38.19625131
-78.3626113	36.68047202
-96.68450952	34.72795889
-81.21481079	35.66260115
-83.74265272	38.14480167
-83.67369514	36.73094679
-70.37661287	43.83897334
-88.39761751	45.8480979
-71.90780992	42.35111931
-82.13757286	30.7815722
-78.00407767	35.36389637
-120.3567062	44.14229491
-76.07049311	42.59514578
-108.2742553	45.93715306
-81.47450488	40.44131431
-86.05195096	40.31121117
-90.79581459	30.02623427
-92.53365886	31.19810087
-85.28062533	37.1039252
-108.405806	38.00399367
-66.55881898	18.44638293
-109.8444012	46.46630385
-80.54428142	35.92957297
-99.41426701	40.51115428
-99.81946635	40.86987625
-88.30430125	43.01833546
-83.99038243	34.83375049
-98.20501891	38.6967292
-78.19407819	43.00056703
-94.06697737	44.03450234
-82.68775539	38.35908957
-86.42936466	37.7732385
-70.07344074	41.28422779
-88.99943791	37.05854425
-90.44883293	31.86883689
-85.62919821	36.99052063
-76.7268014	37.94301072
-95.77093789	29.52747353
-83.69658812	38.37035302
-90.98899611	32.74139849
-85.21440801	34.26315113
-91.60785079	30.12930997
-100.4379698	37.73851836
-88.80591091	39.39127226
-90.58875506	33.60184158
-92.80985416	38.84333073
-84.14662058	42.95402135
-86.10543054	38.59978187
-93.53696693	44.64850008
-98.50021623	40.17643706
-64.74657958	18.34029903
-95.16565693	31.83752856
-87.85894071	35.64313951
-86.78502875	36.16932462
-99.74856473	30.48678918
-81.05432857	33.21508217
-66.27788236	18.43643896
-78.20384508	41.43674888
-122.328899	37.42298018
-67.03992341	18.01204007
-84.82790284	38.52025251
-112.5538467	34.59969928
-84.74341301	38.04257558
-87.58518363	38.31161078
-86.76591028	35.46843385
-88.45263983	42.32444631
-84.9249309	39.62515829
-85.90699249	38.31902045
-96.83732848	37.23777562
-101.7915769	37.9991797
-76.56882392	38.5437742
-85.07704103	46.07858665
-90.39051245	39.3563746
-100.7452801	41.04750134
-109.9148412	42.76688453
-84.21645396	38.20656118
-65.95606154	18.37503034
-76.9971687	37.50499104
-100.131855	44.71542851
-91.1333376	45.47489408
-71.98737539	41.83006633
-85.34522718	34.47504069
-83.40264155	34.88165754
-89.82565532	38.05214985
-116.7092162	43.6251769
-87.39778904	40.95571121
-84.64901358	36.13501561
-99.75451143	36.21835085
-87.46414164	39.85409324
-108.5964924	37.33893986
-86.29778739	36.15428192
-88.21780273	44.0816316
-71.20690516	42.1624614
-96.01140809	28.82108792
-77.25438714	41.77283534
-88.56332928	35.17583563
-81.62012099	35.04837373
-85.45476978	35.92662264
-110.5891155	39.64773138
-77.22446275	37.18648609
-79.72785637	33.62020834
-102.7234229	30.78076842
-99.18590693	43.19247936
-91.37915589	43.28400613
-84.8286438	36.80107637
-85.69808753	37.97000785
-84.56284345	46.30032406
-98.86351819	36.76674112
-96.61546183	35.1672074
-105.4585461	33.74510826
-101.8317306	47.30905996
-106.8658272	35.68909544
-116.4627525	48.766998
-86.74045399	41.5459356
-82.12769739	36.29228876
-89.63135139	35.76118851
-81.63493042	33.544095
-110.5474049	41.28749663
-66.01187172	18.03150854
-94.3902703	30.33224472
-87.80463371	34.70085284
-94.24072249	33.9971421
-112.4908888	33.34875974
-84.9082899	32.73613817
-70.2898624	41.7232979
-97.98241218	35.54233821
-97.88493814	42.98827986
-80.03257439	41.9921752
-105.630976	36.57834262
-76.19460186	43.0061269
-101.0403323	46.11262812
-88.09694438	37.35257485
-77.39657442	36.41780769
-96.26720134	44.4123209
-90.24484413	38.63654694
-95.42832663	40.430839
-89.78539961	36.21131565
-116.7000308	47.6744641
-85.00574703	40.43780769
-86.6380062	38.07971276
-87.00784468	38.01429111
-101.8060294	38.48078179
-88.71249008	37.05384925
-97.55156514	48.76726978
-89.4139363	36.05918296
-123.428743	44.49161157
-96.1350641	40.64856103
-77.06179476	37.35669644
-92.86861174	40.74323979
-93.05594858	32.34717134
-88.19947606	40.13984863
-122.1122121	47.02680625
-100.7186033	43.1933652
-79.88106371	36.99189661
-121.9148915	46.02280969
-109.7510129	31.87959362
-94.21571712	35.97899668
-73.24526767	41.79242134
-91.42038292	30.88038848
-69.54198777	44.06333351
-71.07033478	42.33340065
-97.83608709	34.11052408
-86.09233522	35.15504791
-95.84990553	40.38784773
-94.34603332	39.00926211
-103.4801987	34.02127232
-96.41134505	45.42651259
-74.91261058	40.56697742
-83.68792053	33.31633785
-93.60428557	32.67882745
-83.96441737	37.6925357
-121.9281273	37.91933375
-108.2616781	35.58040415
-116.1698327	42.58161924
-85.00991888	39.86440062
-85.03658909	38.82631081
-91.11279575	41.48388139
-91.84475831	43.29085957
-85.5429723	36.55111287
-83.4921876	35.48677176
-88.4432447	33.47293459
-96.14069252	40.90976087
-76.57653423	35.82268131
-87.2323432	38.39848154
-84.84068937	34.23786814
-80.70422242	37.31404444
-76.35396761	36.84646209
-95.04966416	33.62099176
-76.63603021	39.4596552
-93.33992874	32.09302665
-115.8911361	47.35176251
-75.94133759	39.57067423
-77.67650726	35.48563343
-86.11124563	38.19522174
-85.13646367	36.7275894
-69.15278458	44.12441708
-97.72134503	48.36930301
-95.21504754	40.0944922
-93.56850616	40.42251333
-96.78256113	48.77698427
-90.67745058	46.33463725
-87.95276818	32.853304
-122.8330654	46.92672896
-101.2808428	46.71620349
-85.1644476	35.18133492
-84.8129419	35.51294836
-84.92418399	35.60911854
-76.02355952	38.46896686
-95.45158629	29.18949785
-111.1703288	45.54097041
-106.8330858	32.35265229
-80.88873614	27.3866315
-105.4399703	38.47306423
-93.41105962	35.00270728
-90.83463661	43.59402052
-100.4687948	46.97733689
-82.04845774	35.68110614
-82.41823729	33.05432827
-83.42729345	32.66724559
-93.78516215	41.02892087
-92.82796914	30.65238675
-99.88334471	39.34986711
-116.241035	43.45084054
-88.08560224	38.71228739
-89.50870961	31.20573333
-90.74108384	41.20543704
-121.6951016	37.23169965
-77.63575211	39.09048044
-98.58785039	43.20792726
-99.88408568	43.34592545
-76.28360001	36.29472462
-82.53675197	38.59849502
-81.1277104	36.49135989
-92.00178921	44.58302681
-80.57654665	40.27385743
-86.89657084	33.5543433
-80.25626566	36.13057844
-98.03760529	41.16916952
-81.27229853	33.90217281
-102.3557043	48.20129569
-84.87436107	37.81116654
-94.42122576	39.31045251
-85.62737915	38.99757081
-66.58853781	18.20981011
-66.25486537	18.00693567
-75.56844621	39.08639126
-90.13523894	43.00020828
-107.2718156	46.21135847
-99.72614484	41.39416503
-76.93099926	39.25078653
-76.0404081	39.25416924
-101.5397482	44.29463659
-77.20428439	39.13634899
-76.98162611	36.35892018
-84.89116957	45.51996676
-94.42191277	40.47867651
-108.7148057	31.91398466
-78.02730689	42.25731952
-88.6353787	30.53467952
-77.93295681	34.93627171
-88.78154439	33.65579797
-98.99111827	41.91428955
-84.46714878	33.79038574
-98.76753828	39.3503437
-114.2642648	42.68974614
-95.37844018	47.57848837
-91.76336368	32.41758531
-92.63657688	31.94438827
-88.42586459	38.42955355
-80.00360456	39.13281051
-89.28418692	35.58313405
-78.24084587	36.94606214
-94.96656946	33.21673924
-101.3403504	47.115508
-82.60311478	36.7143081
-119.0848457	34.45474678
-121.9331593	38.27025048
-76.60613989	38.3016848
-82.72522047	34.88795956
-81.61926683	34.68978386
-81.99110742	34.93148726
-106.8799546	44.79068012
-108.6304217	43.04055711
-108.4422853	43.71897841
-92.74140502	46.12071071
-113.0672423	46.06059035
-112.6566556	45.90234114
-89.68444987	37.38402006
-72.63119338	42.13509064
-84.53826255	37.63999075
-70.81296132	41.95331777
-80.73004378	32.3853684
-81.03177638	32.43633197
-92.08990525	43.6739576
-112.1116607	40.99072955
-111.9127797	41.27005573
-78.82718356	35.04887721
-88.43593439	47.62662557
-92.88191217	33.59337533
-75.64791441	39.58150592
-107.8629449	38.86135647
-108.5173886	37.75208472
-84.76342787	33.35346702
-89.4229686	38.60632268
-96.14897872	31.7044343
-85.69858421	37.54557718
-85.18805562	34.00190077
-101.1185272	42.54499866
-76.60335105	39.0057724
-97.39494039	43.00895493
-82.98251028	35.55576195
-83.12121537	35.92555143
-83.82396293	38.59510651
-111.670284	40.11980262
-86.25017381	43.99535369
-83.25778159	37.92214018
-81.34822568	38.71393058
-72.5354823	41.46358412
-80.66532457	36.1604416
-75.38998106	38.66089142
-85.8607443	33.26966941
-82.48021492	35.33655768
-83.56602206	34.1338612
-81.92041527	35.4018617
-114.1383193	43.00232711
-80.28481637	36.67809987
-98.78376243	42.45557846
-66.13696252	18.00377727
-67.15457364	18.03901469
-77.40277415	40.5308105
-87.38221633	41.41685156
-76.24786695	40.04261494
-79.95226654	32.83417041
-96.27800561	29.88707804
-83.51084097	36.2754882
-83.26632471	36.2171435
-103.4514908	43.67736837
-81.16305367	36.20617699
-122.5405164	41.59272613
-92.90829767	45.5024111
-86.1519783	43.2913812
-87.82452537	40.74732578
-87.20678147	39.77360728
-122.0017742	37.0561908
-83.00098883	33.27020552
-100.4179055	29.35014052
-111.6147928	43.38792191
-83.49753835	34.35397657
-76.20702207	35.81805644
-80.25773634	41.30228665
-93.7855705	39.06555761
-90.96009523	39.05829936
-77.6170294	40.61051314
-90.04035989	30.85339081
-77.81986792	40.91933775
-82.94554982	36.4410474
-88.38771258	35.65381663
-75.74843926	39.97329798
-79.37858369	34.39138915
-79.42093979	41.19261355
-81.12125577	34.39533447
-86.84842961	37.47818665
-92.67655329	34.64661779
-83.22147321	37.24414459
-82.39537783	37.46909859
-83.82298076	37.83036747
-106.9241901	37.66954135
-97.72430027	27.43132443
-121.3508296	39.26930746
-94.82256945	38.88370015
-83.71288108	33.99268452
-113.6013217	42.28381567
-78.44090565	37.22409267
-91.62231175	39.8059363
-92.8140461	30.26796744
-100.2386194	46.28495441
-76.65904667	41.02752391
-92.58303239	38.63234724
-75.30735363	40.75446063
-83.44652522	36.0513409
-123.7127608	45.46343846
-113.2894426	37.85935379
-109.0283184	45.22736746
-71.59305645	41.6720081
-84.0518799	38.51778393
-93.47715121	45.00479678
-86.46074089	36.46938867
-87.94548669	37.65840762
-88.53883373	38.08163641
-91.16472529	40.40370799
-94.30558387	32.16239924
-82.79867801	35.20208661
-88.88623869	41.34406943
-95.57108168	33.6672152
-81.22507847	36.65661781
-81.84068841	26.57801557
-76.84739072	38.8299677
-116.2694709	39.98327398
-92.3748342	32.83186286
-74.96012063	39.80401748
-82.30812844	35.8984235
-92.16229542	33.46613806
-73.14089327	44.03090072
-111.743741	41.72255404
-94.16307113	29.88337578
-87.49365286	35.52726999
-93.74533244	30.78564527
-82.07386121	33.35950332
-82.87900052	33.566347
-99.56059648	34.93429868
-99.84630188	34.74409289
-82.33096121	32.12156708
-81.67063889	30.33214142
-82.1511144	41.29557931
-81.85284727	39.62071306
-83.06678951	39.07705515
-90.17334129	33.95061391
-79.36664149	42.22817594
-96.94614272	45.62977349
-102.5516416	43.3357008
-94.34736796	37.50205562
-101.2084947	34.53026962
-90.09071406	36.2722822
-80.68725838	36.41459623
-76.77925448	40.41555232
-113.4401981	46.40415824
-102.9949509	41.21970871
-97.85944813	28.90564205
-105.7236684	41.65453797
-106.9303916	41.69413999
-104.6892193	41.30709358
-78.81172877	37.37242345
-109.1749672	46.38114583
-105.5484733	44.24806602
-82.82063341	43.4237632
-81.71135257	28.76121706
-86.66137476	33.26405258
-87.86189197	41.13747976
-87.58559945	38.02551429
-83.0091231	39.96927249
-94.80618288	39.65989328
-94.77380125	39.38073683
-84.54309843	39.19557749
-104.899515	47.26636057
-81.50052459	36.43415234
-96.46820682	46.35705832
-99.4414601	46.11180534
-108.3823282	32.73885662
-112.0940513	46.14859974
-87.83755715	36.50150068
-97.63435711	31.90035901
-77.34662195	38.02701807
-105.5077277	42.9722826
-116.4539483	44.88931492
-91.44445826	47.64037177
-107.7693048	38.15498465
-107.9138518	48.25942665
-97.72439946	33.67539964
-110.7004925	38.99637448
-98.52016013	29.44911665
-103.820322	35.85799759
-73.93708255	40.63562226
-86.92347486	45.91736311
-92.70098811	35.26227905
-81.53692387	36.84393147
-93.89142003	33.31200171
-82.00535135	34.48372258
-104.5703226	44.58843934
-87.78755065	35.24027258
-92.4529513	45.03345626
-91.02752205	36.34154412
-106.9915083	40.48549841
-113.1719663	43.72266581
-91.74548804	35.25612459
-113.1003083	39.07403971
-82.99147597	30.19562156
-97.47823134	31.03762665
-83.60328684	30.04712958
-77.08804071	37.70635361
-96.10669521	33.59387579
-104.4668372	33.36323485
-81.93067102	40.5614819
-99.77794293	33.97478308
-85.81220561	44.93943424
-98.19212605	47.92171706
-80.80086358	33.43921301
-110.5896979	43.93456366
-77.27651017	38.83620791
-96.3228392	35.46544123
-97.51888305	28.00978811
-119.9053183	37.58143472
-81.09149874	40.29356193
-103.3468992	34.57414777
-118.5163244	48.47039666
-117.8550713	48.39899156
-88.00366602	44.452501
-81.70505869	35.74914733
-94.26690418	46.01207437
-77.65615344	38.18453467
-91.40332146	36.68672248
-87.64138782	46.43139896
-94.95985195	29.3895025
-76.10341962	38.77026257
-84.52298798	35.11993556
-78.11276349	39.92545432
-80.52501519	35.64030608
-90.53221937	41.89809865
-77.10604281	35.84087616
-90.10601376	31.14823915
-93.96334763	45.1738141
-84.29964447	32.88096475
-72.25111371	42.91955278
-96.63733984	41.22629371
-84.96674982	34.80650119
-111.5734451	41.08889094
-73.09291531	43.03531126
-90.1946731	37.89454581
-77.45796206	38.4206167
-81.5469666	35.95288519
-103.7109624	41.54616353
-92.42371463	34.29002049
-77.06213019	40.9633376
-90.55895377	36.11773282
-73.50952678	42.71103722
-81.55570623	35.33410942
-96.34276557	39.37903349
-75.62218411	38.37287229
-69.85358192	43.95888365
-96.52613796	29.62080587
-123.8755258	40.69940115
-108.3975013	46.49659376
-80.83268027	35.24675454
-83.73367264	33.78121226
-99.74139253	33.60611596
-119.6917069	47.73589576
-97.16169937	47.45400419
-122.3921982	39.59788378
-93.66809039	33.73564268
-79.2740453	41.81377056
-97.45708074	47.92166578
-97.13156172	41.22599383
-74.30721513	40.65928966
-93.99344494	34.08897983
-97.21276751	33.63940669
-101.4121116	30.72293884
-104.5179143	31.44657839
-88.61929657	39.64136794
-95.15099401	43.37782493
-70.44421037	44.97424486
-111.4961534	46.33259261
-98.31319001	32.75310985
-84.55001221	32.04630599
-82.72430717	32.11657577
-97.25275919	42.59931244
-91.79238502	37.87731447
-79.9817588	40.46880438
-117.4113187	36.51173415
-92.31191414	34.76993891
-122.2363987	39.17719198
-79.46732917	40.31090839
-96.15494428	41.29533784
-94.84299061	38.21238797
-86.60408109	46.40902031
-84.00617165	37.41979135
-87.87011459	46.00907005
-86.41692683	35.84260355
-84.50369331	36.42885328
-85.4102441	35.37103725
-115.9939021	33.74329781
-84.17073385	34.44409815
-84.35751271	33.54043935
-117.1810198	45.57979758
-95.56422358	39.8265096
-93.30697684	33.66338522
-92.93150636	34.947251
-99.68042577	35.26792649
-77.90598182	34.52447523
-91.17165493	39.34397231
-97.13216715	31.99059876
-77.88474375	34.2322858
-87.84368093	38.44634379
-75.75887041	38.11381821
-82.95432904	37.35406197
-84.1176508	37.11047425
-85.95654414	36.25023609
-89.75925274	35.49692909
-95.74280727	37.19252895
-95.67114037	33.38664358
-82.66017474	32.70148912
-88.7705944	45.66756253
-90.78211015	34.78064921
-91.55194184	34.83010091
-161.9642606	55.36032516
-87.96698811	43.00700658
-77.02965084	43.15652579
-74.6680045	39.87782133
-121.888612	37.64642367
-89.18729157	36.55403726
-84.31125324	35.73514674
-83.21750489	36.85707442
-102.8239659	44.00397449
-96.99699873	28.11898396
-87.08648326	36.26140435
-83.38100797	37.0939886
-82.85515105	37.12125569
-88.53028044	46.20865908
-95.56698141	45.0223965
-150.0094238	63.67343339
-158.2141634	59.79832305
-149.5691006	62.31571716
-89.51508258	46.05275508
-76.00390334	36.40311519
-89.65190483	36.59439853
-107.4892228	45.42332459
-81.18407852	34.9746458
-82.30961363	33.89941841
-108.4054839	33.91502948
-89.29117001	36.82805484
-82.79458938	40.52405935
-94.99948708	35.90664273
-81.72732002	34.00631213
-79.90576665	35.3323375
-82.61832518	39.01971543
-110.4356833	47.88028152
-112.936294	46.85654866
-74.12279549	42.27638026
-83.06576373	34.75329772
-95.26908279	32.37521162
-140.349186	59.88824845
-104.2408125	29.99962168
-74.99647914	40.85746195
-99.91249504	40.17646227
-100.4765456	36.74966893
-96.3692954	48.35830232
-79.46505466	40.81298372
-77.63798759	41.23402092
-87.11611118	41.02296853
-84.21604918	31.53329476
-84.57709045	37.10380837
-68.64952115	45.40038149
-93.09649471	31.72373065
-92.49714212	39.44009232
-96.26246372	33.96278604
-73.430748	43.31320642
-114.8053772	43.46356926
-111.169609	40.33064897
-92.88374367	45.03911139
-91.24302721	35.18620495
-84.25102911	32.55610793
-84.57652963	33.94183776
-104.5124892	38.17377693
-66.91907543	17.98089603
-85.43830308	38.78558559
-86.6477887	41.28077022
-96.49066248	46.89214202
-97.64761598	38.39187087
-113.6374976	42.85441649
-94.77145458	34.1162239
-82.02295352	39.08233336
-87.62930576	32.7625948
-95.38204393	32.78643978
-91.29365079	33.2673446
-91.56991638	35.74143554
-98.73826312	26.56223662
-77.86242458	39.30849565
-80.73317673	36.73130704
-117.2738324	48.53235595
-81.61169117	32.75107817
-74.30395769	44.59274379
-77.77517835	42.72855751
-65.43923326	18.12244435
-98.08997801	27.73123346
-100.8716993	45.15658384
-98.09105658	44.02345807
-82.42685819	38.14585251
-82.03580207	37.26641332
-123.3914743	39.44027921
-89.53768188	29.8750922
-91.44469375	29.70500764
-79.95766082	34.33234414
-80.90384361	34.02226754
-123.3078799	45.23269019
-106.9307263	34.00682919
-90.47063317	30.12694792
-87.0771147	35.6177569
-98.68429358	30.70581617
-77.80950815	38.7387071
-97.20199931	31.5524976
-120.679712	47.12448572
-78.94327353	39.41464251
-82.13519084	37.72729194
-81.54940333	37.60951977
-87.12681433	32.99837607
-86.45142629	31.24861005
-117.760976	33.70311134
-72.73301048	41.80669859
-101.7992367	37.19140392
-86.19069857	36.75097491
-155.5211676	19.60123507
-92.001673	31.07634786
-98.98054865	34.91625162
-85.32478758	40.47378705
-66.94446564	18.08307024
-86.96223202	39.03630547
-90.05430077	35.76420127
-81.31358003	29.46163468
-84.61383904	30.57930999
-82.42535431	28.55404893
-85.66575949	30.61054912
-90.37532903	34.65198616
-105.0162772	48.29447097
-94.84624572	37.16921917
-75.33389427	38.212837
-70.65382633	41.39790643
-99.221197	45.7662597
-79.67845191	34.60180925
-99.66696611	36.78871253
-72.33642171	41.85510643
-97.65012272	38.78394989
-88.10830091	35.60350601
-100.9162656	32.74614567
-118.4186556	47.57605403
-77.91594304	37.72200089
-78.05127364	37.14201365
-94.34317524	33.07772099
-83.12759613	41.12378254
-83.89500601	30.43779668
-123.0888664	45.94376691
-122.6734022	47.61342417
-81.18197434	29.05852431
-86.17009489	30.64341925
-123.4247601	46.292422
-106.6682222	48.3648329
-78.85797558	39.00759684
-82.84564638	36.17587226
-76.4395049	36.20508496
-103.4710696	36.48166105
-115.0146087	36.21511541
-85.80378574	34.46023769
-86.98207203	34.81013487
-103.1101132	40.72463929
-80.73218698	28.29324349
-82.37063974	34.89387815
-84.5795682	30.87807864
-84.19466894	31.22513235
-83.47580638	32.23213302
-91.3114768	31.16072415
-89.33648515	33.9364711
-90.91182829	31.9736924
-78.61389875	39.31712105
-84.25271451	35.44293343
-114.9981923	47.1472918
-81.11147554	37.40564762
-107.0316959	38.66684745
-107.3003579	37.82131615
-69.95882156	45.51360259
-118.8872447	37.93940061
-72.24360335	44.82900254
-80.55052779	37.5604155
-87.39523632	35.21729152
-88.63921416	31.21420839
-89.11140872	30.50439082
-80.79999513	38.2918799
-66.98385766	18.2371973
-65.86959716	18.18839957
-81.90915525	38.5085024
-121.8063614	47.49034831
-122.5493921	48.16376089
-93.89437408	30.12099964
-76.80178124	38.11166934
-80.00761323	37.78778327
-113.5045338	37.28047916
-98.95894925	46.97927215
-74.24718209	40.78746195
-105.9759986	35.50670942
-82.00066679	33.0611801
-96.7217084	43.27884092
-83.52376973	35.78475751
-85.39168915	32.91366622
-91.84419994	42.8627134
-75.63628772	37.76647217
-95.9957025	31.29628413
-88.84769482	40.49061752
-111.3294847	42.28476453
-81.74304725	32.39689006
-118.3362581	39.58048345
-146.5623662	64.8083752
-95.37949187	35.61612948
-97.78263254	36.3791609
-81.96350449	32.79247176
-85.32791474	37.36660665
-89.9199315	31.9133629
-89.75986508	40.78797055
-78.36537336	35.51761602
-93.56121354	41.33431116
-96.96605425	30.31077667
-113.9237814	47.03651185
-118.8004216	36.22081997
-83.12815503	36.70548431
-122.4396708	37.75668116
-108.4664844	39.01825229
-119.7624357	37.21825802
-72.84423227	40.87024178
-93.78362729	48.24510754
-100.6897488	43.96077423
-79.52391814	37.31502696
-72.61502314	44.27309445
-77.95541958	38.48620048
-103.2522656	29.81174561
-122.9534631	48.57856326
-120.8382348	40.00422172
-81.34134143	32.3672031
-90.60273114	34.22906962
-91.47949968	40.64219925
-90.24265966	46.26247657
-79.87549565	38.77500824
-77.49131526	37.76033617
-81.49547648	39.45557887
-120.7387387	46.45687521
-123.7057228	46.55547971
-113.980642	43.41242641
-99.33173804	27.76103224
-123.8971513	41.74323775
-116.7498104	46.32729495
-94.90489792	48.77043756
-99.86428507	31.32686635
-85.60387066	34.17588713
-106.1911108	37.20059578
-88.56128333	37.41325351
-93.78630885	40.73762219
-88.97055515	36.85297172
-86.77804483	37.84153525
-78.26241473	39.2045848
-91.2539449	33.83346926
-82.62118772	36.97556152
-91.24181996	32.36512426
-95.81112475	48.77485638
-92.36769812	45.86286431
-93.18373375	31.10800615
-93.73783029	32.05510725
-76.9921999	38.50706766
-103.4943846	45.58027156
-118.736681	45.59148273
-90.94787195	33.28374517
-109.8875198	32.93295414
-99.41545292	34.58800041
-106.1163363	39.63420352
-73.77248171	44.11702035
-90.70630534	42.86757481
-91.2350757	32.73239582
-122.728377	42.43216537
-102.5285391	46.09690164
-103.507491	44.905694
-81.85180572	36.45484107
-82.30419555	36.51291546
-72.37674987	44.00552167
-123.9277111	48.04911666
-119.5113335	46.23976031
-101.1354293	41.91586243
-95.60476511	36.37196654
-77.915315	37.55029696
-77.47493293	37.53041663
-119.4513964	47.20582642
-122.3933441	46.57770709
-94.61593169	31.6162358
-76.82362358	42.78068586
-84.58607604	40.8555416
-85.07980892	33.58246933
-81.14924253	28.06245875
-76.54142204	37.41403941
-83.36755873	33.95097841
-78.93659955	36.76689258
-84.97811756	31.62573219
-107.6759098	37.7637698
-95.1671992	30.57936685
144.7724429	13.44160435
-121.3445212	38.44881725
-87.52558359	33.28952146
-80.24855447	40.18935898
-80.5903514	34.33859234
-96.7350396	39.29629774
-112.3976535	43.21643996
-96.32857388	41.85154682
-89.77038616	43.96955395
-111.7896381	32.09723099
-69.28442666	45.83789196
-100.9066618	38.48220778
-74.80053334	39.14901203
-66.4354442	18.21446774
-96.97135956	28.7960712
-96.58095444	31.5454767
-81.24873953	37.77126746
-97.11685878	33.20528167
-96.21424951	42.73735704
-82.26371951	33.54404762
-102.3519638	40.87598057
-92.53097077	41.68657418
-95.62136125	41.03348848
-83.16860598	32.17208946
-82.02651429	38.7698088
-83.83311406	35.35024285
-87.30786547	31.98928301
-87.36529615	31.57107175
-79.64746996	39.91984935
-104.5359622	45.51700775
-100.4418259	39.35018161
-97.08751558	39.78417855
-91.91618868	46.43292074
-92.11667519	32.09226466
-122.8872965	38.52842052
-77.58654268	37.37880418
-78.48428212	38.61983485
-94.76183346	32.10819843
-84.9986148	35.95070017
-80.067514	37.26938285
-100.8158413	36.27830534
-96.17809424	43.08294203
-99.45287706	31.77319682
-108.2688129	38.4024194
-93.85288661	31.34269549
-81.69711072	27.94872638
-84.90423978	31.32317406
-80.71348404	37.0632927
-81.1606194	39.37099538
-88.20819419	31.40759248
-78.57113544	38.85827071
-89.80171673	33.76997916
-91.04553925	30.8451603
-98.18144326	26.39667226
-91.34106377	42.84452651
-92.23023021	44.28428259
-91.73103405	29.89484111
-82.43228458	36.11077416
-80.25088954	35.31173842
-81.56046571	37.12490124
-93.60684679	33.24091819
-104.3930144	40.55487277
-99.21226795	33.17751417
-81.53219101	41.12587569
-100.4624522	31.40455473
-88.26669526	37.51807977
-84.00327535	34.57241644
-82.96402556	34.35058893
-97.78169164	30.33471479
-91.73823977	40.41027674
-92.5207783	40.47023216
-105.5486488	48.78377804
-105.3780231	46.86049013
-81.51490057	39.21127634
-80.50213826	38.99603963
-82.16822073	29.94967764
-77.10566044	36.72019409
-94.34015625	38.25742352
-91.3485086	30.25819586
-89.93380816	42.06794659
-90.88262627	42.46858503
-93.73407175	43.3775066
-84.82018866	29.8613762
-80.43133534	27.07737178
-107.0481757	37.19365584
-83.57966245	30.84191162
-81.53985797	31.23071711
-92.50253376	33.55786388
-92.65420664	33.96953994
-83.66625831	32.45919716
-81.1889838	26.95642237
-83.3042663	40.84236699
-82.451183	33.79324552
-101.1521556	29.89249412
-82.30867294	27.92948052
-84.12943991	41.60183312
-82.62162029	30.22445638
-66.75351639	18.1796595
-66.31070199	18.20096897
-66.16878808	18.34837659
-81.71114668	38.02264875
-81.674543	38.83443006
-65.65638154	18.25141544
-86.21698223	37.96966338
-87.08762263	37.73176143
-79.27376451	39.52849306
-102.4744037	45.49024355
-80.76110735	41.31734436
-82.35823348	29.67497355
-93.71630518	35.21550403
-117.2027907	46.19177089
-104.353338	42.08772579
-98.7035838	33.98806865
-86.9938237	31.42899352
-83.91905929	33.0139317
-81.49400106	40.05191963
-83.43706988	33.83506881
-83.08144741	33.88064398
-84.57607723	39.43897921
-80.55914415	25.61511557
-98.68790885	33.17659707
-83.17090856	32.80234579
-66.36025819	18.09702641
-65.28334116	18.31378498
-89.8225233	31.23086459
-72.10243367	44.46487758
-79.19584305	39.10496268
-79.56567428	39.11375036
-88.06111861	42.74731284
-112.2266404	48.22793502
-86.87047841	36.52536378
-84.14937651	36.40334413
-106.6929637	36.50984697
-73.58622623	40.73761782
-76.14177407	43.42718293
-72.10232387	41.48708483
-84.83395276	32.07839601
-112.5395749	42.19490877
-93.26085274	43.37747964
-96.01393095	39.78343169
-95.03795118	39.19957457
-99.16858655	27.00076857
-81.6587538	41.42426021
-96.5775562	28.95369067
-76.70046305	36.44475497
-90.96231959	36.94111292
-121.9015118	38.68648941
-76.56191748	37.24271166
-73.74940843	41.42650368
-96.54400362	42.15819496
-78.90109101	38.06830271
-89.60216504	42.67994609
-97.60120361	30.64812769
-106.6705759	35.05121905
-65.97552597	18.14792462
-92.9990819	42.03586837
-66.06170394	18.39080346
-92.78887576	43.35639379
-90.20749434	40.47248529
-78.7453209	43.20013175
-91.73333878	33.95753882
-84.44486551	31.32631349
-86.20787706	32.22089414
-73.08101275	44.46109238
-92.42212486	44.71909741
-83.37804652	38.53155019
-87.49033769	36.89391023
-93.33431354	32.71375647
-77.3978074	39.4720692
-85.12921505	45.30562797
-91.75475095	44.38005523
-75.06907698	44.49647794
-83.91721501	45.34035915
-122.3306328	38.5065458
-92.68397295	36.26842934
-111.5621762	42.77049766
-82.93880265	31.92997221
-82.94763284	30.49612932
-104.2490289	46.96556514
-82.2134274	31.35837358
-79.70224581	34.02447241
-119.5289865	39.44660847
-122.2205544	45.18820387
-79.48151986	35.31080558
-78.99967226	41.12829657
-97.30937006	34.7044021
-93.53832319	36.34107901
-87.54131507	37.30862563
-90.34465099	37.47823462
-96.59423335	38.30203945
-70.9515844	42.67174524
-96.60474134	28.50349599
-96.79064836	44.36981684
-102.0764353	30.22490816
-104.8760248	39.76129114
-91.80211171	32.82009241
-74.54440839	40.86163004
-89.92833674	30.06918821
-98.37225719	34.2900592
-91.50772249	37.60643508
-122.4157429	45.54693681
-78.23791614	34.07037851
-102.7166458	44.56667531
-77.65158415	36.25737352
-83.43069759	31.15408665
-94.23165958	44.5793954
-93.63162349	47.50907819
-85.05838705	36.99115809
-90.81343618	32.88000015
-92.76600464	38.02703414
-85.88446619	37.29970852
-83.32358216	37.5214728
-84.37346607	42.59737278
-84.31621513	37.36491193
-80.66691164	32.86353032
-79.33242281	33.43337482
-79.33355984	36.39327555
-77.09255683	35.12343918
-96.3983805	36.62910128
-105.3670379	38.10882281
-92.15486108	32.47822702
-92.44469447	36.64922253
-104.3385011	39.649919
-93.77593289	38.03729132
-114.0894823	47.64593461
-103.1024815	31.50920785
-106.7307531	46.22979285
-83.49227858	33.5909479
-75.13324284	40.00806441
-99.36573478	48.06933808
-85.62192494	35.1294263
-95.31456305	39.53158751
-84.50065611	45.44701265
-82.73464321	38.06766833
-92.75235164	43.67138759
-93.29290464	45.94534057
-93.7928174	38.38506942
-100.477247	40.17604429
-83.63669002	44.35578542
-96.56465437	42.39108493
145.2094218	14.15511852
-65.90991264	18.22462653
-101.4901113	36.74789073
-94.2339787	33.70228691
-97.59506372	40.17621044
-96.86826909	42.49349461
-91.72178943	40.09673548
-74.15390987	40.58183643
-74.07441147	40.96008351
-102.7389041	38.43263854
-99.24098891	34.08084256
-76.55468471	42.91811235
-103.7166632	37.90245342
-97.69810806	26.92975017
-94.75507825	35.49549888
-83.03116796	43.83293286
-78.9715773	36.38999755
-84.93658249	40.7457744
-83.83725225	36.28814616
-87.73292603	40.18371674
-96.67774905	33.62702927
-102.3932762	37.95519022
-97.18829593	44.67385954
-111.8045988	38.74769427
-77.9752747	37.33550025
-78.87397667	38.43833151
-96.51322902	31.02665136
-96.97542338	36.07716359
-80.23353247	38.8978057
-89.56865798	37.05301351
-74.96687059	42.19791446
-93.01666575	40.47877624
-110.5249953	45.48913245
-88.69588404	31.64077954
-74.07753388	40.73476975
-81.91710568	31.55172562
-105.7172304	39.11969049
-124.0595871	43.17396579
-99.35401337	32.73587756
-98.7114161	29.94473189
-93.09137415	36.30874792
-96.2877972	32.59905385
-94.3574341	32.79813996
-94.25598718	36.33873798
-74.28147189	39.88494891
-90.72765311	30.44023061
-86.64289976	32.53514228
-85.39106787	31.87009042
-83.62606894	45.03457851
-84.12740152	45.02758285
-117.632191	37.78456446
-107.6823145	43.90437841
-66.14868913	18.10378828
-99.73037359	33.17823584
-87.17903216	36.8358203
-109.2401561	33.21537146
-82.33141981	27.18432942
-87.75932466	39.00382453
-114.6681729	42.35608428
-111.8131009	42.18121994
-85.00106921	41.64408329
-118.72959	35.34292819
-92.18489948	33.89823609
-76.90027517	37.10963661
-81.95959909	36.72455999
-109.517996	40.12501568
-94.14557404	31.79223785
-101.0603939	41.56796544
-94.81675582	32.4801034
-83.75018218	35.05771746
-94.24296995	35.588841
-93.89070916	35.51229968
-75.03243898	42.63374775
-75.33930212	41.05812363
-74.49745908	43.66134129
-94.94114818	32.73670474
-83.28221321	42.28172038
-82.93255517	42.69584067
-99.30863983	38.52275276
-67.33290558	18.18018788
-98.78566877	39.78517466
-170.657123	-14.27429395
-66.97161064	18.32854209
-88.42861217	41.93895003
-95.95997093	42.05236881
-87.38969715	39.43073114
-95.54290277	41.33661346
-85.65772828	38.18834895
-84.08972896	38.68873502
-77.37489067	35.59325583
-84.22168058	40.56085701
-93.4156134	46.60787445
-95.94143178	36.12121947
-83.22972091	31.27569067
-90.96899002	37.36244864
-92.41163568	30.29064732
-91.84692484	31.66623485
-99.83020279	40.51481965
-94.97868645	32.97374349
-92.00579532	30.59908084
-74.30558896	41.40198158
-96.69954973	36.31680135
-73.97341306	42.59987237
-91.03631739	31.73403632
-86.58840969	35.14053022
145.706722	17.86407261
-66.613128	18.05756903
-108.9584002	48.43208097
-65.92250967	18.01814338
-66.48979972	18.4199957
-98.46469965	48.77240346
-103.5205091	46.1127569
-83.66072369	36.48575666
-84.88318825	30.24145856
-116.6009928	48.2996896
-115.656021	46.67349275
-89.91665526	40.23934407
-90.03327096	32.63533895
-90.28933634	34.25120737
-88.49033998	38.75410733
-85.19489586	38.21556092
-89.27760111	39.54582799
-82.79573433	32.96958544
-96.68942195	40.26183622
-90.13161776	41.35314875
-73.2062907	42.37045737
-95.92738963	30.96540306
-78.27950884	38.41366284
-96.30208322	30.66074221
-96.62105771	30.49219576
-78.20860922	38.90870136
-95.98754906	30.01059467
-103.3954265	47.74027674
-85.79427017	40.84573494
-95.29263542	38.88451412
-95.75652721	39.04138192
-115.3578839	41.14601583
-84.99898798	41.39806132
-90.40542519	30.62688036
-93.35798129	30.22942198
-88.26895246	45.02616558
-66.42009023	18.31742228
-77.59635385	35.91303781
-64.94020272	18.34520973
-81.13247732	32.00445256
-80.60559316	27.69396994
-111.6592182	43.78411982
-77.63238876	37.07597757
-89.80172848	40.02711636
-121.6946189	39.03464654
-101.7197684	39.35147377
-90.17743157	38.27853951
-82.07387018	32.40345007
-106.9159345	39.21732141
-79.14517223	37.60543548
-96.66080537	34.31652004
-95.50331613	30.30019889
-95.66695805	35.37351598
-96.76917298	34.02458841
-97.06798798	34.48236468
-95.74895216	34.92386502
-85.99947584	34.77954231
-86.44647098	39.48166964
-92.30983436	38.99091068
-79.95759159	37.27905915
-80.53061478	34.98836835
-116.7353982	33.03386576
-81.69605652	36.23087329
-85.85885682	41.59771704
-169.5128067	-14.21923235
-85.46601953	37.80489242
-78.15943614	38.68461794
-81.06312621	39.17806062
-101.5232659	31.36607041
-97.49248742	29.45652075
-98.69730012	27.04354651
-112.1276059	38.336223
-90.88665915	39.62260409
-77.10098204	38.87844605
-98.2785174	29.80840142
-84.52335538	35.84762955
-83.8543202	36.89050509
-83.59900123	37.94154655
-97.29099289	32.77145377
-85.9964531	42.95990607
-100.7360867	44.41245198
-91.88791683	34.75441172
-90.3567923	39.0855748
-83.1598587	40.58744702
-92.41006563	40.74775139
-85.02873581	33.03346388
-122.7234103	38.07351203
-103.8102221	40.26279879
-96.94827807	46.26461801
-81.67060271	30.93041791
-71.02927319	43.29717653
-73.67828248	44.74606721
-104.5616375	47.78794828
-83.49332409	37.73906786
-83.65545282	41.62064794
-81.43543848	33.26610854
-80.7054154	34.68642517
-89.49340328	36.33529914
-81.92267092	36.07667708
-95.10547892	42.38624071
-78.69871136	39.62117263
-97.61091925	27.72543779
-101.1967817	45.7085132
-120.554132	38.20478056
-123.5935915	47.7490129
-106.1940269	38.74728839
-122.7532352	39.0996887
-82.05662463	29.21028272
-79.48032175	34.84114162
-90.8802491	33.79549267
-88.23908046	34.74037117
-119.1886954	39.01991047
-80.33434051	40.99133874
-80.10676906	41.68442887
-117.6231067	43.19355699
-88.71817942	36.29822836
-76.515651	41.78867556
-117.6755473	44.70919815
-112.9959167	48.70514099
-106.2809773	38.08034572
-104.9607082	37.68484082
-83.95691187	33.28698774
-82.28874491	31.749434
-119.6162086	38.91213378
-76.3061895	42.17034639
-115.4051151	48.54246989
-82.16391398	36.01324162
-82.45872709	34.22269468
-89.50306303	34.76229047
-103.7149939	41.19760039
-103.5493944	35.10459783
-70.7143165	43.47829059
-72.71377523	42.99053464
-121.7319234	48.47967845
-80.88510513	39.46568
-85.611081	31.43204363
-122.6802732	46.19321499
-76.63944938	36.69549937
-81.15923162	34.69173842
-89.58952146	30.76882496
-82.74345686	33.78219274
-81.32311592	28.51429239
-93.65944523	34.53888136
-103.2015041	39.97109881
-83.2762524	31.60235727
-89.82456269	37.70718892
-75.93125006	44.04796973
-114.9015438	39.44238145
-74.66040811	39.47790545
-75.10684724	40.33694355
-110.8856024	46.59797522
-79.25545829	35.70266277
-80.87332588	35.8068797
-77.98140696	40.41688617
-78.56283195	34.61418037
-111.3474099	47.30823753
-81.98175207	31.19714296
-83.43204775	31.97280479
-76.5199628	37.10553608
-79.56866954	38.36239367
-76.04367462	36.73349545
-78.87581609	38.51221007
-90.8514399	32.35637859
-92.33201857	35.14732521
-81.7454462	31.75246506
-84.38908484	33.09206899
-84.49428463	33.41303536
-91.11543876	43.9066398
-89.90510951	38.83016798
-116.7117113	46.81645625
-95.62422758	43.37868127
-91.18142629	40.92294179
-93.50521161	39.42694823
-92.55780791	32.30210344
-91.94862204	41.03165465
-90.46144508	37.11262197
-93.57365396	41.68547042
-112.8410539	42.69368252
-82.45269728	31.55377644
-88.92397205	38.30019275
-85.26954479	37.55262162
-88.0827506	37.01910678
-111.8879757	37.28527775
-89.0712802	42.67118649
-87.61509441	44.51638089
-78.65050164	35.78982367
-81.59990705	34.28974754
-71.68059329	43.2975734
-106.1184564	40.10246658
-121.6008508	39.66681952
-83.76886209	31.18832547
-84.68849214	33.04118311
-94.76482929	39.11438143
-84.14488393	36.75824851
-88.27216962	36.62088413
-90.11275154	29.74131251
-91.93189159	34.26882203
-76.31717004	39.56126248
-90.09171669	33.12367405
-89.58086337	33.08676427
-85.79746538	32.86280802
-82.35094586	37.12613493
-99.45440415	41.91371961
-117.0390723	39.93361994
-74.61645904	40.56375707
-110.2659877	47.04516111
-73.84603737	43.56091887
-76.21642765	40.70586881
-77.26523042	40.16350914
-84.27808893	37.71989076
-91.71758189	41.33548743
-114.8116615	42.97094353
-93.46000035	35.57001766
-106.2352418	31.76884214
-79.35069018	38.68040465
-81.13059253	37.13389662
-77.81329014	39.60413752
-83.89498203	44.0651223
-123.4132525	44.90338514
-121.227881	43.91469217
-112.3904537	47.12259745
-95.25398841	44.40365018
-112.2247491	42.6686619
-89.28578933	41.2041567
-82.831038	37.84737334
-94.4096279	40.21170604
-83.98612506	32.71431882
-83.06414674	37.7063116
-66.47175368	18.12824636
-66.11368632	18.3439498
-102.4088866	42.50454159
-80.45282888	37.94721189
-98.81731955	31.15502115
-123.1658435	43.2796987
-121.6500072	42.68605026
-75.39915513	39.9166501
-100.0517394	45.77126363
-94.24751207	44.34987456
-93.20185128	39.13696633
-91.0956724	30.53801719
-91.60044956	30.70893573
-84.43693855	31.77710794
-84.33134658	38.44203171
-88.55786997	40.89167342
-89.65883945	39.75818327
-89.21080819	40.78829846
-91.16024978	38.76446133
-96.47144652	45.77230328
-95.81703481	41.68336174
-83.09731571	38.11810953
-90.36154528	45.68054246
-100.2787087	34.07767347
-99.24640517	29.74699689
-75.30318879	41.64851654
-91.63992436	31.44577009
-66.70280065	18.27147584
-99.34743941	31.1988896
-79.09657032	37.20561193
-86.01839482	42.25166438
-88.88074567	37.45959866
-99.99599706	44.38906584
-91.47928351	36.16124847
-94.27397371	35.19943145
-91.50783063	38.44075158
-83.71435179	37.15962402
-87.11576766	39.39291835
-84.87632767	34.50374908
-90.61207484	44.73483376
-90.11372082	43.92432055
-64.76357572	17.7334672
-81.7442726	29.60884076
-88.54119706	37.75332999
-94.47105874	41.33075609
-100.3050897	29.98273014
-84.61781822	35.4243615
-94.16790044	31.39477071
-85.83288678	35.98021146
-80.38642559	37.17483569
-78.52851211	37.57196671
-75.78245555	35.7632084
-98.92460698	34.37312737
-105.4615545	40.6665145
-84.27761309	30.45806493
-85.23056011	29.95068747
-86.45126977	38.29202088
-90.66743491	39.16895789
-99.27105698	37.19121917
-83.53054815	34.63090057
-83.70652806	43.02216976
-108.3206012	36.50824605
-89.48847814	30.41595395
-101.8930281	35.83769242
-82.07055835	38.17536985
-90.42949677	43.37567167
-94.37105127	32.54840734
-102.6550438	46.81078851
-78.4740474	41.00013648
-83.40012747	39.89429692
-86.55056927	34.76292257
-92.59770646	33.17125929
-82.3964731	28.30833195
-74.7681497	41.71624399
-109.5698239	38.98190066
-89.95737111	30.40987792
-94.60850621	29.73846857
-79.02838302	39.9723843
-83.93759106	35.99332876
-86.35914773	35.28548298
-86.89830897	35.89405608
-79.8119662	37.5570231
-77.96275853	37.97807843
-67.11577339	18.13495788
-98.21770884	32.23614282
-77.72158008	39.92745705
-82.27061922	40.84592901
-85.81424864	30.86794622
-84.86850436	30.93897842
-81.80190989	30.61062054
-72.58619896	43.57967872
-76.24647047	35.51917533
-75.03337176	41.33189163
-100.3147083	28.74262555
-123.8682744	44.64147054
-71.58004041	41.8721229
-117.5229774	46.90119074
-95.60475618	40.74556682
-101.6659766	44.98058236
-109.224376	47.2633104
-82.83992664	34.11635114
-89.91362191	41.75598396
-84.97334479	39.14487647
-89.25435617	37.47114082
-82.92215371	38.5461641
-90.71045886	30.82171866
-122.8473327	43.93889441
-91.21423884	35.59923757
-83.92484736	35.68735498
-119.5837591	45.41897957
-82.31692618	38.82476088
-82.63793115	34.5189668
-104.5046932	48.72121163
-157.9746934	21.45879706
-94.34168569	37.84998285
-87.86874523	38.02193911
-90.41865517	29.55797842
-72.59174125	42.58309231
-94.02607231	30.74482946
-135.5024208	59.11793896
-111.9213142	45.30105558
-89.99140222	34.8756938
-98.04739392	40.17636285
-93.06556878	44.67245057
-91.49277553	43.67146528
-90.67411979	38.78248212
-102.60233	39.30507096
-85.98828821	31.40188396
-81.12021765	25.27277607
-93.19458209	29.87556075
-89.94594839	32.26422272
-92.69630819	39.1425032
-90.84810681	34.42853288
-73.97166722	40.7721053
-121.6977603	48.04772437
-95.65255946	31.81341571
-117.4039405	47.62077953
-72.66378659	42.34022511
-110.4255449	40.29770877
-123.773048	47.14971004
-123.6560294	45.99500314
-104.1351629	39.2863996
-101.740701	41.91528587
-74.44200509	42.58814833
-90.30095715	33.55070467
-97.74102624	28.41736711
-85.20533487	35.59663055
-106.5849297	44.03996832
-92.69933958	35.91115674
-102.6353739	32.74057746
-85.14135875	44.99904124
-82.67696672	33.40868082
-119.6643222	40.66566815
-91.3125095	30.46264338
-93.03400145	35.4476948
-84.19615662	32.04008071
-80.7763711	41.01467607
-111.2445372	41.63204523
-107.843327	37.28655123
-96.22242975	29.2778845
-104.1401726	30.71489092
-91.35874906	44.30390193
-105.0532651	39.95343909
-104.0385309	37.31577175
-104.3375808	39.87357077
-80.21218409	37.48141832
-94.61299658	45.55199481
-82.30173104	32.58963191
-82.49711101	36.293414
-87.88740606	34.13691856
-95.11606392	35.22501645
-81.07502287	38.46270857
-85.51786948	33.67495934
-94.69599224	40.73748072
-80.22298108	39.85389048
-73.81734511	40.70829859
-75.4358883	43.24167426
-97.44298086	35.00888538
-86.30615623	34.36690867
-94.81225285	30.15161146
-78.46704277	38.29731238
-82.24144949	38.42049789
-80.04558938	39.63024065
-90.39655652	32.78007214
-89.33759146	37.19162505
-105.7417441	32.61323163
-94.34047486	37.20351967
-77.08548989	38.8171835
-98.5166499	41.2200529
-79.08763255	40.65207806
-77.02256972	39.56320174
-100.7376459	38.04405338
-87.02194752	30.70016907
-120.9979524	37.55851635
-93.32780803	41.02958964
-85.45359622	35.6961661
-81.4405388	29.90168542
-80.63834457	39.60550303
-66.05078088	18.21191794
-73.29488547	44.79689986
-104.5674037	43.84031497
-85.99403741	41.91545547
-82.42364479	31.05375667
-94.32573065	46.94877115
-80.04598163	39.33588922
-77.35562096	35.02185042
-90.92497453	40.81804873
-103.4801272	48.34373147
-81.14110731	32.7764169
-76.36333533	37.05573241
-71.62328128	41.46943509
-98.53456924	36.31174656
-82.74545562	37.55729538
-99.9571321	45.06449392
-72.93235204	41.41072833
-90.44344187	38.64048457
-85.50505208	41.13932767
-96.78730772	41.91637624
-83.41747147	43.46515989
-95.38360115	39.23530705
-80.77709087	40.76853311
-76.77717182	37.32794596
-86.31476905	33.71540022
-75.60919397	41.43666224
-78.34882696	40.48075545
-92.00087572	39.49588453
-85.77914118	35.67900378
-83.29303308	34.55397748
-96.04432637	42.38966116
-84.15193439	39.04742036
-78.65514472	34.26573301
-100.7598474	43.58135895
-93.22737493	33.2142428
-82.73164012	27.92895178
-66.7212463	18.05966556
-82.68083292	42.93188855
-81.18014844	35.29432138
-120.7175058	37.19189197
-86.5670064	33.98087061
-96.1738058	44.99583443
-86.34376166	37.46094872
-97.15266036	38.86611825
-85.33714572	38.61269613
-96.97728156	30.7861553
-80.15867356	34.63979804
-82.47793438	28.84873662
-89.62329285	29.43435182
-82.99326888	38.80404083
-97.24422829	33.95005271
-74.25878826	41.888126
-87.26331417	37.52904105
-96.93033343	29.38395052
-87.81698762	41.84005007
-82.53035424	35.6112775
-86.68145677	37.20710749
-85.28818727	36.34428251
-76.9766892	36.0658315
-74.30115633	41.03446344
-86.31341907	31.73169775
-86.86718877	34.13183982
-89.28510404	33.61326385
-102.3338627	41.111546
-80.78101991	33.67482869
-71.20268868	43.87378859
-104.7904138	34.86315461
-74.02389861	41.15225744
-82.48545415	39.25106486
-116.7847747	44.45250794
-76.9520416	37.94303646
-120.7251192	41.58969344
-88.35351775	37.20997298
-97.51397873	26.13427178
-87.83077181	31.67695451
-79.12071407	36.06127743
-92.33686558	36.28715062
-84.85962176	35.15369028
-74.69082533	41.13935722
-92.16043106	31.67707521
-84.45574304	34.6914172
-100.4060382	32.30390399
-85.30084531	34.73561638
-82.12646941	34.15414545
-85.65468702	40.51587228
-76.8965089	37.71951331
-86.4596155	35.51388628
-89.66268151	42.35166558
-84.58344665	38.29156708
-91.86178101	38.46015852
-110.3213121	35.39960537
-87.06793187	41.46066332
-123.1920342	47.34793175
-77.2618726	40.39865716
-85.44866529	38.39974783
-85.13865749	34.90377849
-84.85966506	38.7573309
-83.14111074	35.28733908
-98.20837415	33.78558981
-93.05376026	41.6860352
-86.03756074	38.90634215
-65.65965429	18.32347339
-84.9326155	36.3805182
-90.56755378	41.46753509
-81.08267492	39.72753365
-82.53452747	32.17325981
-94.07070376	46.48265818
-92.40566294	30.72890813
-89.51334003	40.50758831
-89.94436038	36.85565464
-83.10923872	41.5370554
-94.88335354	40.36098014
-93.72465597	36.01103565
-83.37315585	33.32175332
-89.36728052	38.08436666
-95.13547749	31.08828397
-83.46989512	30.44431386
-86.58284235	36.74196569
-79.44774612	37.81505482
-83.0504524	38.31813851
-92.55919242	31.59947973
-76.72927678	35.14691784
-84.14820158	37.97054025
-101.3219684	47.60697344
-88.70754316	37.21923954
-109.488754	35.39559896
-94.33946172	36.90518568
-84.52462573	32.35300898
-94.42378182	33.44693757
-86.50994544	39.76986908
-84.92860405	37.32208002
-95.55375412	34.0255707
-74.22051128	40.2606812
-83.85005873	33.55492575
-84.31547114	32.26331654
-87.65411658	34.9015002
-85.67355848	36.35953777
-108.8793882	41.6597625
-98.18244138	30.78852336
-92.28161601	38.50579587
-97.64919278	39.48027303
-79.39718973	36.82128716
-83.9117077	42.60389287
-80.74863402	41.70753004
-85.18428296	32.28806204
-85.56013503	44.66916098
-86.05635345	44.33345321
-112.3520136	44.28409003
-105.2504738	39.58646067
-85.32910919	38.03276996
-85.49633518	36.14080321
-85.30251402	31.15295179
-89.38232705	37.78505462
-93.17667235	34.05108285
-82.09596509	36.93361023
-72.22243767	43.36150987
-92.94560125	34.31751189
-88.45060499	35.97307462
-96.97560307	42.91461976
-113.2353778	38.35770202
-99.74572968	34.29029034
-83.62479675	31.7164981
-97.9484645	29.58321407
-81.37885705	39.02235059
-94.727558	44.24201356
-65.9002482	18.42701557
-90.21246462	42.36542788
-96.22188779	41.53110052
-87.38247263	36.49650951
-90.50164471	45.21158608
-96.23264864	37.87744513
-88.97605071	36.67806433
-88.68742993	46.89801075
-77.85881453	36.76457633
-85.52810068	41.91439741
-95.52115154	35.96138606
-116.3979457	44.0602805
-85.88845897	42.59147142
-76.72465523	36.89191765
-72.9120833	44.85745972
-71.39262102	42.48584344
-90.53780688	38.26079127
-76.0237387	39.06631908
-87.57345471	37.79602818
-93.77496918	45.44403172
-82.61046209	33.22935427
-156.7026695	58.74220214
-83.88969073	39.69132786
-92.15689859	35.86003074
-75.36722689	40.21085251
-81.08973346	40.579572
-90.41718919	36.36822542
-80.55133048	35.38756942
-85.94087373	31.80232564
-75.92604322	40.41644424
-79.95087397	33.19764043
-103.6930786	31.32283311
-97.65724482	26.47040624
-93.2178649	35.91979049
-97.28589218	34.25090173
-95.42200282	31.31764204
-87.29424703	32.63859284
-80.24323834	39.51008055
-65.97856259	18.26586955
-77.40505652	37.53796421
-88.18016372	38.08714445
-94.70338293	34.90011477
-73.75591281	41.16176335
-91.20077484	46.52418284
-120.7895031	45.87361546
-122.4823115	45.77919832
-93.55521453	31.56283023
-83.47239908	38.84544021
-99.71213247	42.87883323
-97.89176183	42.63684531
-83.26738819	30.83391096
-83.15870461	29.60806814
-86.34620721	40.76165964
-84.06641246	41.89469406
-67.17524655	18.36039221
-66.6740025	18.40653954
